246400000000
244000000000
243100000258
245600000000
243200000000
245728000000
2465167366
245606338567
240700346380
2456014860
245404424206
246408497165
246522093584
245200406417
2461220883
2464213010
240781852695
2454022168
2465251353
246604501019
2458013728
2460205089
2464118817
245200889891
2452000803
2464229411
2462011427
246200463400
2444001320
245905920043
245000017967
2466261040
2466136120
2407014459
2460074044
245305000000
241401000000
2455035970
2460237891
2454024260
244313000000
2463043654
2411022406
245401720905
2440007755
2423013452
2460237901
2465144908
2465290320
2461022289
2461038673
2466091092
2460035158
2464206936
2465165400
246505437274
2466062430
244303659104
2460002402
2416003171
2463238244
2465316963
245404960870
242301184099
2465216616
245401696360
2460213354
2459017323
2455019626
2465159277
2460237926
2465101936
2450020466
2453008499
2412001399
2462003320
2463111294
245906000000
244306882693
240101619849
2464028810
2463240331
2462013583
2466250899
2464016533
2426003607
2463223960
2466271384
2408005785
2431002782
2463226016
246006112418
2464258211
2426003621
246100136102
2431002790
245507567781
2443040937
2403004587
2464125099
2405415085
2464123052
245403539638
2432002231
2455029945
2439006394
2456002745
2464030908
245501782207
246411000000
245002109123
2465310922
246101147851
2465304781
2454022351
2465040592
2466130129
2466185424
2465310930
240716165332
2461124820
2403006680
245611159771
2465114332
2466074844
2453014750
2443043039
2439008480
2411028704
2463115490
2466267363
2464008420
2404018409
2452019434
9909125356
2454005998
246307698926
240401191152
246112846065
2464053486
2464262384
246209640692
2465151221
2465304823
2460225783
2443026682
2454016252
2420070653
2405415166
2457024766
246500000000
2443032830
2452011266
2460039427
2454024447
2464082173
2466132221
2466177279
245726632200
2466208008
2415003919
2442012944
2454028561
2460070160
2461114645
2441001241
2404008217
2465175840
2465327394
245605939491
240716122402
2466275621
2420003110
2443047202
245732888867
2444300585
246200115498
2461040930
246108578085
2463244583
2465313070
2464223530
2464235824
2465327411
245800925492
2465276213
245800018230
2461112630
2401001781
2411022646
2421000507
240703443261
2455013695
244701000000
243101000000
2462214466
246205000000
2450016580
2443026756
2466218310
2465128776
2463095116
2464248140
2464256334
2465208654
245001202000
2407065936
2454024528
2465005904
2460027220
2465325397
2456011098
2465067361
2463086947
246411983207
240102359400
2466279785
2460207470
2433003887
2455030130
245000026489
2460076411
2440006014
240800725374
245718000000
243100047746
240702433670
246103665030
2462206345
246209503625
2463226249
246518536586
2457063821
2465169807
2463068560
245713021331
2465126803
2466167190
245700104598
2460250518
2422000027
242301313435
2464250269
240300542365
2464033183
2466259355
2463050147
246100423080
2466242993
2466253233
2411024820
2440008117
2457051576
2454012346
241300994490
2464238014
246511000000
2465157569
2421000641
2464002499
2465020356
2463238597
2463115718
2464238021
2465126850
2452031946
2401006028
240780298700
2452201933
241500025292
2457049552
2408006098
2455036371
2466277844
240402876889
2464039386
2459011547
2429000160
243500927456
2417002981
245905224166
2462032360
2464076268
2466230765
2414002670
2462224880
2466263538
2452001268
2466181620
2463238646
2464147960
2466167288
2463252986
245404314108
2455036413
2443024893
2465167870
245000000000
245800000000
246600000000
2466263552
246518329861
2464074246
2466202119
2465309194
246002569740
246206413324
2453010956
2460094989
242001279504
2465124884
2440000020
2466021909
2443037204
245000413720
2404018712
2465184280
246606154272
2464002594
2464047651
245007407652
246516402724
2407012902
2453006886
2452044328
2460230180
241102635563
240400112172
2466077228
2418000433
2457039410
2465202740
2453015094
241300085304
2411029049
242301977147
246000407101
2426004030
2453008957
245729000000
242401000000
244702061122
2465288770
2453015104
2464141894
2466124358
240780603978
2460248653
2465151567
2464051792
2457004625
2466177617
2465319509
2465180247
2465127003
2416005725
2466179678
246309317213
2411012704
2465176160
2466155109
2420200038
2443016807
2452042345
2443022960
246300938865
2460041842
2465124980
2465276534
2457080440
2466263672
2462042746
2465290874
2463214204
245728404094
245210000000
2465071745
246522000000
2466226818
245402000000
2460002949
2466056838
2463230598
245722000000
246205041289
2411016836
2464238215
2408000138
2417003142
2465247886
2443043462
2411025044
2466085525
2423009946
2450012828
2423009953
2466114215
2465284775
2464101034
2469003947
241900219052
2439006891
2464252594
2466022067
2465106613
2419004085
246110003895
2463081145
2465319611
2454028988
2456009405
244307000000
2411025090
2466261700
246602947270
2465215179
2465311436
243100271307
2461041355
2466237136
2465137361
2403007186
2423010003
2440004306
2460226258
2460232406
2444301010
245200280274
240500910810
2463052507
2456005344
2424007395
2454002404
241600010980
244303039206
2465243881
244200803050
2427001578
2411014892
2450012909
245900178156
2415004398
244802558704
2460113649
2457070321
245400242928
2443027189
2452044536
2466073336
2466233082
2453011195
2411027193
2460093181
242200945406
2465170175
241100000000
2452200190
2443023106
2415000322
2465309437
243600030469
2466251525
240780000000
246304805640
246400518920
243600968449
2464148226
2464000780
2465084166
2465164044
2465248015
2456013585
2439004950
2466093847
2465305369
245700023067
2451000092
241300886304
2453021475
240703003430
246519642918
2465225515
2439007020
2443033390
245001562210
240801588018
2464039731
2456009525
244307364662
2465170231
2462053177
2465272635
2443045692
2440006462
2466169662
240901000000
241701000000
2429002560
2411027267
2466245458
2466276181
2460236633
2460062553
2462012251
245400179546
2458014560
2460080993
241600004962
245008644960
2465160032
2466274152
2464226153
2466177896
2465168232
2463087468
2466253674
2466173806
2461021038
2411002738
2463097716
2453001077
2450027380
245507533687
2464121721
2426000250
2447010683
246110000000
242302000000
245502000000
246206000000
246308318084
245508629381
2413007749
2460232580
246302000000
2464005002
2465217419
2465096588
2446031754
245007367054
2462010254
2447006609
2460070804
244400679836
2459020189
246308414366
246515071903
2465137570
2466216866
2466165668
246410554276
2462047141
2453015471
2439001011
246501172147
2462010293
246606361529
245701145533
2462047166
244311000000
245303000000
240500485058
2455022530
2462225348
2433004489
2450025418
2433002442
2466086494
2463077325
2466186185
2463208401
2434001875
240800021459
2459010007
2452046808
2462045144
244704756698
2459014107
2450029532
2460058589
2465293280
240780477410
2465108963
2453009380
2460087269
2460048358
2460085222
2464209895
2464037861
2466225130
2462050948
2465108970
2465135597
2457066477
2465012718
2465127405
2451000310
245400175608
245300171769
2403007482
2455004154
2460099578
2407007229
2466278397
2461221887
243600000000
245712000000
2423014400
242000000000
244400000000
240403784704
2462061570
2464254979
241104000000
2465082377
2466126860
2463011853
246601305104
2458012690
2465262612
245732068374
2460220440
240401757208
2462067740
2465102880
245900139559
243000736809
2462043179
2450019372
2466214957
2464128050
2453013555
241500406837
2460079162
2451000381
2420005950
246100245567
2410003520
241001000000
2465322050
2456015938
2447010884
245725756482
2464035906
246212527168
246411328583
2460247113
2445900874
241501926476
2454027342
2466001998
2461217873
2411025492
2464076885
2462028886
2465229911
2411015254
2447012955
240100068444
2462227553
2454021220
2429000805
2452012140
2448000110
2466202736
2459014259
240100656245
2441000054
2462026871
2465170552
2465305721
2453005434
246211906685
245602000000
246306000000
240802000000
2443003011
241602000000
2466231430
2466161800
2463210633
2463044746
2434012299
245000326281
2460249230
2453001359
2404013200
2440004754
2407009427
2465176723
2434012309
243301205142
2450021526
2465021078
2460038293
245700824211
2465318047
245725373602
2464013476
2444301483
2440000686
2404011185
2465262771
2466163893
241601688761
244300618942
245403000000
2464134336
246523000000
245500943557
2440006857
2454023370
2454025419
2466176204
246309813451
2446001358
2450017488
2466225363
2466254036
2457085141
2423010518
2447013081
246300064991
2465271007
2464228577
2462221537
240402765025
240801324262
2422392039
2457072872
2454013163
241601305835
246000059630
2403005679
244703732976
2462055664
245902757102
241300000000
244500000000
242601024770
2465158403
2423012610
245300000000
2451000582
2465322244
2466180360
2461035785
2462033163
2461031692
2466258190
2455016720
2435005713
2461007121
246408729874
2461205780
2450023700
246200497430
2462031127
2462024987
2404007196
246500183330
2448004386
245727497508
244309435686
2465242408
246462690600
2466159914
2463227179
2466168108
2459014442
2455026990
2442009902
244400444714
244200000817
2450019630
2464245043
2405000500
2466073907
246107745590
2466189958
2462043450
2466014524
2465289533
241901000000
241101000000
245901000000
2436001091
2376002884
2465125704
2460056905
2410003785
242001718600
2465158474
2462053709
2463202640
241600433489
241601336657
2463237459
2452034898
2450031958
240403062106
2444302977
245207473500
2466043229
2466229600
2464007521
246112214370
2466202983
2450015593
245500298603
2460091755
2461021550
2455018862
2451000688
2466225518
246604703093
2451000695
2403005816
246100446584
2465162618
2460235132
2463100285
2464101757
246214000000
246310000000
2461027713
2450013571
246104036740
2409700742
2411023752
2452034954
2465283468
243000057229
244701011344
246406636945
2461033876
2464234901
2411021716
2461019543
2457064857
2453015961
2411011482
2465187228
245600077213
2462217629
2466229664
245606995361
2435005858
2463112611
2443046304
2466010537
2465306027
2456004012
2460061101
2411023791
2457083313
2404001204
2450013620
2439005626
2452043194
2443048380
2415001020
246604498366
245900197310
246207000000
242303000000
2443027904
2453016002
246500550075
2446032331
2464222670
2455021008
246408132051
246604602835
2465312214
2462215639
2403005911
245204690391
2465007066
2464073179
240100226524
246400194017
2461124065
2455039460
242000297444
2465201641
2464128491
2451000818
2443046390
2466233847
2462043644
2465252861
2439001597
240700190206
244600000000
246200000000
241600122370
242302739970
2462043651
245500313097
2457081355
2465275403
2447009293
244310263311
2465170961
2421003794
2439005714
2404017684
2404019730
242401400339
2454001175
2463249944
242800152085
246316000000
2466160155
2466235932
2465224222
2466262559
2455027232
245406070305
2465158690
2465033764
246000324134
2459010600
2464126504
2377000495
2460231219
2454023732
246518019637
2464110134
2420008503
245506764346
2463200829
242901317181
244305000000
2413006400
242001000000
245713000000
2455031366
2456000071
2443038279
2454025803
244700055116
2465265229
2455039566
2463110734
2450001488
2463250001
2443044434
2426000980
2464134745
245500790364
2443030110
2427000415
2431002207
240501065313
2460241506
2443046495
246103232100
246305656416
2454003302
2461038183
246306885627
2461212265
2466262630
2442002030
2466229872
244700108400
2460229234
2462230130
2464120439
2377000569
2466266747
2466254460
246314000000
2443005570
2410004098
243901550214
2463235719
2414003850
245001232011
246004240012
2465078927
2443017871
2452000401
2466219666
2466256530
2450013839
242022121109
245900431000
2464239258
2465158812
2464005789
2465255069
2464259744
2461038240
2401005218
2464007842
2466207396
2457071269
2457067174
2464259751
2404005544
2409000620
242100029103
245904418480
2463252150
2453003959
2465150651
2465124027
2462043838
2450003647
2407200448
2460225215
244803000000
242401812163
2454021823
2459010751
2464249538
2447011528
2450026186
2462217932
2423008974
2463108816
2448002773
242301159127
2465232600
246517456602
2420005887
2464079580
2447007458
244705287907
2464120559
2465124080
246311247605
2456002294
2464079607
2460020472
2460098302
2463061759
244300109568
245500000000
246108000000
243100000000
245404000000
2464052997
2448002822
2465107720
245711116041
245406801675
2465165070
2462043919
2466189073
2462025490
2465316635
2441002781
245500479261
2431000351
2465165087
2466217764
2420002597
2457057063
245904666411
2460047153
244313435953
2463217460
2465308472
2465124154
245301000000
246517000000
243701000000
240700571459
241301000000
2433003333
241701105477
242901000000
2464214856
2465285955
245600169802
2466152267
2443030350
2401005391
2443018064
2465050449
2460102478
2466232152
2466240347
245505359708
2454021982
2465138527
2403006305
2461206374
2465329000
243600721770
2461212522
2463113069
2427000687
2411026288
2460096369
2466097009
2461042550
245400459127
2463057784
2454022009
2443044730
2460000123
2435006330
2454013815
241102000000
246606000000
2465220482
2465308546
2444302215
2466178956
242201237389
2431002510
240302190479
244300332943
2408005520
243100016530
2454026130
2463059855
2403006351
2456012694
2465062807
2466154391
241900000000
2466240410
2404001691
2466215830
2446030750
2466226085
2463225767
2464200620
246301562799
2461124530
2464210869
2466205624
241103718332
2460252096
246311000000
2464036804
242300047300
2450032581
2466000401
240700698568
241502420940
2464208845
2452043726
2407063505
2465320913
241104052180
245505703894
2410000343
240400046040
2466101209
2420072410
2464054271
2408003548
2433003485
246603681753
246600107999
2411028447
2452027361
245714958303
2465142756
240101101542
2465302505
2437005290
2465294318
246202740722
246512877558
2465314807
2466199547
2465170425
2455013374